{
  "generated_by": {
    "program": "augur",
    "version": "7.0.2"
  },
  "models": {
    "host": {
      "alphabet": [
        "dog",
        "human",
        "?"
      ],
      "equilibrium_probabilities": [
        0.12246626536889435,
        0.8775337346311057
      ],
      "rate": 101.83620087558896,
      "transition_matrix": [
        [
          0.0,
          4.652535647262254
        ],
        [
          4.652535647262254,
          0.0
        ]
      ]
    },
    "location": {
      "alphabet": [
        "",
        "Alberta",
        "British Columbia",
        "Dallas, Texas",
        "FL",
        "GA",
        "KS",
        "KY",
        "MA",
        "MN",
        "MS",
        "Manitoba",
        "NJ",
        "Nebraska",
        "New Brunswick",
        "Nova Scotia",
        "Ontario",
        "PA",
        "Pennsylvania, Pittsburgh",
        "Pittsburgh, Pennsylvania",
        "Quebec",
        "Rochester, NY",
        "Saskatchewan",
        "St Louis",
        "TX",
        "?"
      ],
      "equilibrium_probabilities": [
        0.03691733509053348,
        0.03443010660705963,
        0.03894988638399335,
        0.04838179293212867,
        0.04117137582138566,
        0.043381974600318264,
        0.0483817929321283,
        0.03687971806974117,
        0.0416074260387641,
        0.045630574404228234,
        0.041551874967065,
        0.04615315265602796,
        0.044887785048700855,
        0.04901989752648062,
        0.04447926202575602,
        0.042259614464352696,
        0.022341790841312,
        0.05169533951072901,
        0.04895270134783341,
        0.019751304902710834,
        0.026157080167871345,
        0.018503743015857426,
        0.04140528908362736,
        0.040040036894249,
        0.04706914466714566
      ],
      "rate": 199.8472409246686,
      "transition_matrix": [
        [
          0.0,
          0.9588073660701569,
          1.072924317210038,
          0.960895054306337,
          1.0715563760356153,
          0.959169534760382,
          0.9608950543063358,
          1.270761482422169,
          0.957621116478006,
          0.9574701770484629,
          0.9628053184504144,
          0.9583838754079822,
          0.9576992360513908,
          0.958378146978994,
          0.9600003108713363,
          0.9578698217504803,
          1.1463230421935293,
          0.9574139573052804,
          0.9848508394446537,
          1.5117861325141078,
          1.019804178710012,
          2.816121361308276,
          0.9613205499321824,
          1.0819235563396326,
          1.0573763465615769
        ],
        [
          0.9588073660701569,
          0.0,
          0.9567846564345552,
          0.9569560796373604,
          0.9559912047084159,
          0.9560313450512901,
          0.9569560796373598,
          0.9590120221325001,
          0.9549816067630276,
          0.9549421454559388,
          0.9553742214059905,
          0.9556115945984409,
          0.9550492966586254,
          0.9555122852141207,
          0.9571016763013107,
          0.9552199394698765,
          0.982324563781547,
          0.9548596736219048,
          0.9557032786380878,
          1.146577828333384,
          0.9593591699765605,
          3.2079019242426203,
          0.9574644794707566,
          0.9589890155328202,
          0.9561960877243669
        ],
        [
          1.072924317210038,
          0.9567846564345552,
          0.0,
          0.95754788583449,
          0.9574320771972242,
          0.9575204385646281,
          0.9575478858344892,
          0.9586544214729921,
          0.9559365224841052,
          0.9558131244013773,
          0.9562637581887378,
          0.9566015057192544,
          0.9558745471379556,
          0.9568140028514036,
          0.9584379840201704,
          0.95616068470378,
          1.1872655509583232,
          0.9571609618433756,
          0.9566963898877126,
          1.4808988034986366,
          1.4297524637047925,
          2.4071959285433158,
          0.9592108524067802,
          1.2864842308770261,
          0.9572653206999574
        ],
        [
          0.960895054306337,
          0.9569560796373604,
          0.95754788583449,
          0.0,
          0.9575480439258119,
          0.9568393592795454,
          1.2988129541874613,
          0.9577812638303146,
          0.9562187271072137,
          0.9559966013589734,
          0.964676474222119,
          0.9563796187982027,
          0.956019034544498,
          0.9563222974746745,
          0.9578011283599677,
          0.9563164267188334,
          0.9630496372336625,
          0.9557577332298672,
          0.9563570791607386,
          0.9619806758218513,
          0.9600029413124708,
          1.231211221080132,
          0.9582829207175905,
          0.9586650629549258,
          0.9590405537030895
        ],
        [
          1.0715563760356153,
          0.9559912047084159,
          0.9574320771972242,
          0.9575480439258119,
          0.0,
          0.9566698009944167,
          0.957548043925811,
          0.9573503226954848,
          0.9555598053632515,
          0.9555405849248496,
          0.9587307088630492,
          0.9559895995321762,
          0.955567592236989,
          0.9560368048108632,
          0.9575475626189893,
          0.9556990587750556,
          1.2905793979828548,
          0.9555174579019602,
          0.956207855099823,
          0.9750358338553293,
          0.9595455212348557,
          2.0271839799169507,
          0.9584832858952975,
          0.9590679207373201,
          0.9920700868146662
        ],
        [
          0.959169534760382,
          0.9560313450512901,
          0.9575204385646281,
          0.9568393592795454,
          0.9566698009944167,
          0.0,
          0.9568393592795448,
          0.9571317379357546,
          0.955574606199708,
          0.9555145160880228,
          0.9557969360570776,
          0.9559899219676327,
          0.9555334693245044,
          0.9563610928818149,
          0.9575879335775535,
          0.9556965728851865,
          1.079493278274808,
          0.9554451468090623,
          0.9560072497264349,
          0.9636805738847258,
          0.9593816491642183,
          1.598583293770805,
          0.9585093761024245,
          1.2750224118035685,
          0.9565067096546409
        ],
        [
          0.9608950543063358,
          0.9569560796373598,
          0.9575478858344892,
          1.2988129541874613,
          0.957548043925811,
          0.9568393592795448,
          0.0,
          0.9577812638303136,
          0.9562187271072133,
          0.955996601358973,
          0.9646764742221153,
          0.9563796187982021,
          0.9560190345444974,
          0.9563222974746743,
          0.9578011283599669,
          0.9563164267188327,
          0.963049637233661,
          0.9557577332298668,
          0.9563570791607384,
          0.9619806758218502,
          0.9600029413124695,
          1.2312112210801847,
          0.9582829207175897,
          0.958665062954925,
          0.9590405537030882
        ],
        [
          1.270761482422169,
          0.9590120221325001,
          0.9586544214729921,
          0.9577812638303146,
          0.9573503226954848,
          0.9571317379357546,
          0.9577812638303136,
          0.0,
          0.9559812186407844,
          0.9564044758963659,
          0.9563477045782514,
          0.9568549950552323,
          0.9563335345622107,
          0.9568765324466556,
          0.9581602105495636,
          0.9562108216862163,
          0.9907263456765699,
          0.9559572634830161,
          0.9834797421029008,
          1.3612516891087323,
          0.9976967007785315,
          2.7418029515109485,
          0.9586206188611488,
          1.0129219083742185,
          0.9574989526397601
        ],
        [
          0.957621116478006,
          0.9549816067630276,
          0.9559365224841052,
          0.9562187271072137,
          0.9555598053632515,
          0.955574606199708,
          0.9562187271072133,
          0.9559812186407844,
          0.0,
          0.9547093604817992,
          0.9549452008797038,
          0.9551308157659855,
          0.9547288241226289,
          0.9552591659521402,
          0.9564534820987384,
          0.9548230515029497,
          0.957507906181053,
          0.954699695929958,
          0.9552922130929112,
          0.9586935596847892,
          0.9578437495329886,
          1.910314687641321,
          0.9565936304942919,
          0.9570037750457302,
          0.9557144608250829
        ],
        [
          0.9574701770484629,
          0.9549421454559388,
          0.9558131244013773,
          0.9559966013589734,
          0.9555405849248496,
          0.9555145160880228,
          0.955996601358973,
          0.9564044758963659,
          0.9547093604817992,
          0.0,
          0.9549155179865507,
          0.9551054348678434,
          0.9547433347985272,
          0.9553158307287124,
          0.956323968049845,
          0.954815313318537,
          0.9572906912067749,
          0.9547161767343776,
          0.9552943553359559,
          0.9691933327220874,
          0.9574383368505336,
          1.4210540554708926,
          0.9564471027370746,
          0.9581206621136636,
          0.9556217584494117
        ],
        [
          0.9628053184504144,
          0.9553742214059905,
          0.9562637581887378,
          0.964676474222119,
          0.9587307088630492,
          0.9557969360570776,
          0.9646764742221153,
          0.9563477045782514,
          0.9549452008797038,
          0.9549155179865507,
          0.0,
          0.955341311815325,
          0.954937019177951,
          0.95541805125935,
          0.9567063934995811,
          0.9550773223605027,
          0.9602276849351528,
          0.9548665459771475,
          0.9554668929962616,
          0.9589697648569852,
          0.9576578988964968,
          1.916616210016318,
          0.9569369317388465,
          0.9574230675061862,
          0.9584586121916697
        ],
        [
          0.9583838754079822,
          0.9556115945984409,
          0.9566015057192544,
          0.9563796187982027,
          0.9559895995321762,
          0.9559899219676327,
          0.9563796187982021,
          0.9568549950552323,
          0.9551308157659855,
          0.9551054348678434,
          0.955341311815325,
          0.0,
          0.955248876548617,
          0.9560342717263004,
          0.9598434516007122,
          0.9608244238987149,
          0.9607179154952074,
          0.9551251950791998,
          0.955898875336747,
          1.506862183229156,
          0.9830304376222435,
          1.337646947901322,
          1.4439043238746265,
          0.9999637581529983,
          0.9560086305635569
        ],
        [
          0.9576992360513908,
          0.9550492966586254,
          0.9558745471379556,
          0.956019034544498,
          0.955567592236989,
          0.9555334693245044,
          0.9560190345444974,
          0.9563335345622107,
          0.9547288241226289,
          0.9547433347985272,
          0.954937019177951,
          0.955248876548617,
          0.0,
          0.9555926417709707,
          0.9563540364662946,
          0.9548608583345305,
          0.9576434648212261,
          0.9547316802738561,
          0.9554906236355168,
          1.4218680937568589,
          0.9570307362293374,
          1.4545490661499358,
          0.9565076587520037,
          0.9572874806299385,
          0.9556418741890459
        ],
        [
          0.958378146978994,
          0.9555122852141207,
          0.9568140028514036,
          0.9563222974746745,
          0.9560368048108632,
          0.9563610928818149,
          0.9563222974746743,
          0.9568765324466556,
          0.9552591659521402,
          0.9553158307287124,
          0.95541805125935,
          0.9560342717263004,
          0.9555926417709707,
          0.0,
          0.9567724095583499,
          0.9553601226855244,
          0.9592437997095732,
          0.9553726677633498,
          0.9561863555680383,
          1.2209772530559466,
          0.9577976763254752,
          0.9712226555549017,
          0.9568569361725913,
          1.2590656500345514,
          0.9560923450560158
        ],
        [
          0.9600003108713363,
          0.9571016763013107,
          0.9584379840201704,
          0.9578011283599677,
          0.9575475626189893,
          0.9575879335775535,
          0.9578011283599669,
          0.9581602105495636,
          0.9564534820987384,
          0.956323968049845,
          0.9567063934995811,
          0.9598434516007122,
          0.9563540364662946,
          0.9567724095583499,
          0.0,
          0.9567412547592745,
          1.0334322968933727,
          0.9565120144151766,
          0.9569012486722358,
          0.9701617311534761,
          1.1623984203587274,
          1.7460266556924298,
          1.6479873424543032,
          0.9751768967005877,
          0.9573712965259185
        ],
        [
          0.9578698217504803,
          0.9552199394698765,
          0.95616068470378,
          0.9563164267188334,
          0.9556990587750556,
          0.9556965728851865,
          0.9563164267188327,
          0.9562108216862163,
          0.9548230515029497,
          0.954815313318537,
          0.9550773223605027,
          0.9608244238987149,
          0.9548608583345305,
          0.9553601226855244,
          0.9567412547592745,
          0.0,
          0.9591214444217305,
          0.9547892601678776,
          0.9553969672287113,
          1.0697856783170059,
          0.9601058071642004,
          1.807862293074098,
          0.9568036616930274,
          0.9608583444015935,
          0.9558178464933038
        ],
        [
          1.1463230421935293,
          0.982324563781547,
          1.1872655509583232,
          0.9630496372336625,
          1.2905793979828548,
          1.079493278274808,
          0.963049637233661,
          0.9907263456765699,
          0.957507906181053,
          0.9572906912067749,
          0.9602276849351528,
          0.9607179154952074,
          0.9576434648212261,
          0.9592437997095732,
          1.0334322968933727,
          0.9591214444217305,
          0.0,
          0.9571523701572535,
          0.9604892077981605,
          3.940240066379755,
          1.959089204305041,
          9.954814430033935,
          1.9102018774015483,
          1.2975479566472585,
          1.0263572572663227
        ],
        [
          0.9574139573052804,
          0.9548596736219048,
          0.9571609618433756,
          0.9557577332298672,
          0.9555174579019602,
          0.9554451468090623,
          0.9557577332298668,
          0.9559572634830161,
          0.954699695929958,
          0.9547161767343776,
          0.9548665459771475,
          0.9551251950791998,
          0.9547316802738561,
          0.9553726677633498,
          0.9565120144151766,
          0.9547892601678776,
          0.9571523701572535,
          0.0,
          0.9553512400682086,
          0.956462591312826,
          1.4209643958961296,
          0.971149469119045,
          0.9565791984521549,
          0.956400958425052,
          0.955523337743434
        ],
        [
          0.9848508394446537,
          0.9557032786380878,
          0.9566963898877126,
          0.9563570791607386,
          0.956207855099823,
          0.9560072497264349,
          0.9563570791607384,
          0.9834797421029008,
          0.9552922130929112,
          0.9552943553359559,
          0.9554668929962616,
          0.955898875336747,
          0.9554906236355168,
          0.9561863555680383,
          0.9569012486722358,
          0.9553969672287113,
          0.9604892077981605,
          0.9553512400682086,
          0.0,
          1.31021909099203,
          0.9877050200738665,
          1.058305042509667,
          0.9571224140017377,
          0.9582183998163749,
          0.9561725069058917
        ],
        [
          1.5117861325141078,
          1.146577828333384,
          1.4808988034986366,
          0.9619806758218513,
          0.9750358338553293,
          0.9636805738847258,
          0.9619806758218502,
          1.3612516891087323,
          0.9586935596847892,
          0.9691933327220874,
          0.9589697648569852,
          1.506862183229156,
          1.4218680937568589,
          1.2209772530559466,
          0.9701617311534761,
          1.0697856783170059,
          3.940240066379755,
          0.956462591312826,
          1.31021909099203,
          0.0,
          2.5832023021675132,
          13.105506113563376,
          1.0043528638321984,
          2.2019540547353356,
          0.9637113683493149
        ],
        [
          1.019804178710012,
          0.9593591699765605,
          1.4297524637047925,
          0.9600029413124708,
          0.9595455212348557,
          0.9593816491642183,
          0.9600029413124695,
          0.9976967007785315,
          0.9578437495329886,
          0.9574383368505336,
          0.9576578988964968,
          0.9830304376222435,
          0.9570307362293374,
          0.9577976763254752,
          1.1623984203587274,
          0.9601058071642004,
          1.959089204305041,
          1.4209643958961296,
          0.9877050200738665,
          2.5832023021675132,
          0.0,
          7.055066107374282,
          1.2140585437727893,
          1.064633719049221,
          0.9595188363474629
        ],
        [
          2.816121361308276,
          3.2079019242426203,
          2.4071959285433158,
          1.231211221080132,
          2.0271839799169507,
          1.598583293770805,
          1.2312112210801847,
          2.7418029515109485,
          1.910314687641321,
          1.4210540554708926,
          1.916616210016318,
          1.337646947901322,
          1.4545490661499358,
          0.9712226555549017,
          1.7460266556924298,
          1.807862293074098,
          9.954814430033935,
          0.971149469119045,
          1.058305042509667,
          13.105506113563376,
          7.055066107374282,
          0.0,
          2.431813411717135,
          2.8471981830796347,
          1.3000843514162372
        ],
        [
          0.9613205499321824,
          0.9574644794707566,
          0.9592108524067802,
          0.9582829207175905,
          0.9584832858952975,
          0.9585093761024245,
          0.9582829207175897,
          0.9586206188611488,
          0.9565936304942919,
          0.9564471027370746,
          0.9569369317388465,
          1.4439043238746265,
          0.9565076587520037,
          0.9568569361725913,
          1.6479873424543032,
          0.9568036616930274,
          1.9102018774015483,
          0.9565791984521549,
          0.9571224140017377,
          1.0043528638321984,
          1.2140585437727893,
          2.431813411717135,
          0.0,
          0.9696508776606988,
          0.9580414942233961
        ],
        [
          1.0819235563396326,
          0.9589890155328202,
          1.2864842308770261,
          0.9586650629549258,
          0.9590679207373201,
          1.2750224118035685,
          0.958665062954925,
          1.0129219083742185,
          0.9570037750457302,
          0.9581206621136636,
          0.9574230675061862,
          0.9999637581529983,
          0.9572874806299385,
          1.2590656500345514,
          0.9751768967005877,
          0.9608583444015935,
          1.2975479566472585,
          0.956400958425052,
          0.9582183998163749,
          2.2019540547353356,
          1.064633719049221,
          2.8471981830796347,
          0.9696508776606988,
          0.0,
          0.9584218720645646
        ],
        [
          1.0573763465615769,
          0.9561960877243669,
          0.9572653206999574,
          0.9590405537030895,
          0.9920700868146662,
          0.9565067096546409,
          0.9590405537030882,
          0.9574989526397601,
          0.9557144608250829,
          0.9556217584494117,
          0.9584586121916697,
          0.9560086305635569,
          0.9556418741890459,
          0.9560923450560158,
          0.9573712965259185,
          0.9558178464933038,
          1.0263572572663227,
          0.955523337743434,
          0.9561725069058917,
          0.9637113683493149,
          0.9595188363474629,
          1.3000843514162372,
          0.9580414942233961,
          0.9584218720645646,
          0.0
        ]
      ]
    },
    "tissue": {
      "alphabet": [
        "abdomen",
        "blood",
        "bone",
        "ear",
        "intestine",
        "other",
        "respiratory",
        "skin",
        "stool",
        "urinary tract",
        "wound",
        "?"
      ],
      "equilibrium_probabilities": [
        0.10997953055101821,
        0.03245391813858695,
        0.10795405733461022,
        0.09766162642169356,
        0.1224675054747686,
        0.09660975390731817,
        0.06787232771538358,
        0.12239383580388052,
        0.06943904940811967,
        0.06585673421393445,
        0.10731166103068618
      ],
      "rate": 143.85621441187746,
      "transition_matrix": [
        [
          0.0,
          0.8440464425882153,
          0.6988183351103888,
          0.6992016158799068,
          0.6997016854545989,
          0.7003089714294671,
          0.8466287872057866,
          0.699833654350396,
          0.6993464202430916,
          1.100355031205418,
          0.7006310453617247
        ],
        [
          0.8440464425882153,
          0.0,
          1.120318259637214,
          1.120578650289435,
          0.6980201661706222,
          0.8412778057334137,
          5.077245027892523,
          0.6990746275327447,
          0.8291562875653077,
          21.887703428563434,
          1.1860202557177693
        ],
        [
          0.6988183351103888,
          1.120318259637214,
          0.0,
          0.6990070985081455,
          0.6996270153083434,
          0.7000836561386363,
          0.698939668880893,
          0.6997556226940643,
          0.6984996965440433,
          0.9663661824063422,
          0.7002935204132511
        ],
        [
          0.6992016158799068,
          1.120578650289435,
          0.6990070985081455,
          0.0,
          0.7001005659398944,
          0.7087711647380129,
          0.8709819038617791,
          0.7002646709421269,
          0.7221194555227743,
          1.8898587501849824,
          0.7015021411839016
        ],
        [
          0.6997016854545989,
          0.6980201661706222,
          0.6996270153083434,
          0.7001005659398944,
          0.0,
          0.9812311970373778,
          0.7025806944621774,
          0.7281306415473878,
          0.7028200306272505,
          0.7999031614869491,
          0.7459923602590486
        ],
        [
          0.7003089714294671,
          0.8412778057334137,
          0.7000836561386363,
          0.7087711647380129,
          0.9812311970373778,
          0.0,
          1.0301253430127641,
          0.7600200355735091,
          0.8832279093613015,
          2.820955980991069,
          0.8310609772501873
        ],
        [
          0.8466287872057866,
          5.077245027892523,
          0.698939668880893,
          0.8709819038617791,
          0.7025806944621774,
          1.0301253430127641,
          0.0,
          0.7031136370671175,
          0.7389237479574232,
          7.754551763040249,
          0.9792332800318624
        ],
        [
          0.699833654350396,
          0.6990746275327447,
          0.6997556226940643,
          0.7002646709421269,
          0.7281306415473878,
          0.7600200355735091,
          0.7031136370671175,
          0.0,
          0.7033289979667512,
          0.8057663685180925,
          0.9789998102229089
        ],
        [
          0.6993464202430916,
          0.8291562875653077,
          0.6984996965440433,
          0.7221194555227743,
          0.7028200306272505,
          0.8832279093613015,
          0.7389237479574232,
          0.7033289979667512,
          0.0,
          8.986165102441952,
          0.9153960619470778
        ],
        [
          1.100355031205418,
          21.887703428563434,
          0.9663661824063422,
          1.8898587501849824,
          0.7999031614869491,
          2.820955980991069,
          7.754551763040249,
          0.8057663685180925,
          8.986165102441952,
          0.0,
          1.706691749419537
        ],
        [
          0.7006310453617247,
          1.1860202557177693,
          0.7002935204132511,
          0.7015021411839016,
          0.7459923602590486,
          0.8310609772501873,
          0.9792332800318624,
          0.9789998102229089,
          0.9153960619470778,
          1.706691749419537,
          0.0
        ]
      ]
    }
  },
  "nodes": {
    "GCA_004566415.1": {
      "host": "human",
      "host_confidence": {
        "human": 0.9999999999999999
      },
      "host_entropy": -9.99866855976916e-13,
      "location": "Rochester, NY",
      "location_confidence": {
        "Rochester, NY": 1.0
      },
      "location_entropy": -1.000088900581841e-12,
      "tissue": "blood",
      "tissue_confidence": {
        "blood": 0.9999999999999999
      },
      "tissue_entropy": -9.99866855976916e-13
    },
    "GCA_004566455.1": {
      "host": "human",
      "host_confidence": {
        "human": 1.0
      },
      "host_entropy": -1.000088900581841e-12,
      "location": "Rochester, NY",
      "location_confidence": {
        "Rochester, NY": 1.0
      },
      "location_entropy": -1.000088900581841e-12,
      "tissue": "blood",
      "tissue_confidence": {
        "blood": 1.0
      },
      "tissue_entropy": -1.000088900581841e-12
    },
    "GCA_004566465.1": {
      "host": "human",
      "host_confidence": {
        "human": 0.9999999999999999
      },
      "host_entropy": -9.99866855976916e-13,
      "location": "Rochester, NY",
      "location_confidence": {
        "Rochester, NY": 0.9999999999999999
      },
      "location_entropy": -9.99866855976916e-13,
      "tissue": "blood",
      "tissue_confidence": {
        "blood": 1.0
      },
      "tissue_entropy": -1.000088900581841e-12
    },
    "GCA_004566555.1": {
      "host": "human",
      "host_confidence": {
        "human": 1.0
      },
      "host_entropy": -1.000088900581841e-12,
      "location": "Rochester, NY",
      "location_confidence": {
        "Rochester, NY": 0.9999999999999999
      },
      "location_entropy": -9.99866855976916e-13,
      "tissue": "blood",
      "tissue_confidence": {
        "blood": 1.0
      },
      "tissue_entropy": -1.000088900581841e-12
    },
    "GCA_004566645.1": {
      "host": "human",
      "host_confidence": {
        "human": 0.9999999999999999
      },
      "host_entropy": -9.99866855976916e-13,
      "location": "Rochester, NY",
      "location_confidence": {
        "Rochester, NY": 1.0
      },
      "location_entropy": -1.000088900581841e-12,
      "tissue": "blood",
      "tissue_confidence": {
        "blood": 0.9999999999999999
      },
      "tissue_entropy": -9.99866855976916e-13
    },
    "GCA_004566665.1": {
      "host": "human",
      "host_confidence": {
        "human": 0.9999999999999999
      },
      "host_entropy": -9.99866855976916e-13,
      "location": "Rochester, NY",
      "location_confidence": {
        "Rochester, NY": 1.0
      },
      "location_entropy": -1.000088900581841e-12,
      "tissue": "blood",
      "tissue_confidence": {
        "blood": 0.9999999999999999
      },
      "tissue_entropy": -9.99866855976916e-13
    },
    "GCA_004566675.1": {
      "host": "human",
      "host_confidence": {
        "human": 1.0
      },
      "host_entropy": -1.000088900581841e-12,
      "location": "Rochester, NY",
      "location_confidence": {
        "Rochester, NY": 1.0
      },
      "location_entropy": -1.000088900581841e-12,
      "tissue": "blood",
      "tissue_confidence": {
        "blood": 1.0
      },
      "tissue_entropy": -1.000088900581841e-12
    },
    "GCA_004566775.1": {
      "host": "human",
      "host_confidence": {
        "human": 0.9999999999999999
      },
      "host_entropy": -9.99866855976916e-13,
      "location": "Rochester, NY",
      "location_confidence": {
        "Rochester, NY": 1.0
      },
      "location_entropy": -1.000088900581841e-12,
      "tissue": "blood",
      "tissue_confidence": {
        "blood": 1.0
      },
      "tissue_entropy": -1.000088900581841e-12
    },
    "GCA_004566785.1": {
      "host": "human",
      "host_confidence": {
        "human": 0.9999999999999999
      },
      "host_entropy": -9.99866855976916e-13,
      "location": "Rochester, NY",
      "location_confidence": {
        "Rochester, NY": 1.0
      },
      "location_entropy": -1.000088900581841e-12,
      "tissue": "blood",
      "tissue_confidence": {
        "blood": 1.0
      },
      "tissue_entropy": -1.000088900581841e-12
    },
    "GCA_004566835.1": {
      "host": "human",
      "host_confidence": {
        "human": 1.0
      },
      "host_entropy": -1.000088900581841e-12,
      "location": "Rochester, NY",
      "location_confidence": {
        "Rochester, NY": 0.9999999999999999
      },
      "location_entropy": -9.99866855976916e-13,
      "tissue": "blood",
      "tissue_confidence": {
        "blood": 1.0
      },
      "tissue_entropy": -1.000088900581841e-12
    },
    "GCA_004566875.1": {
      "host": "human",
      "host_confidence": {
        "human": 1.0
      },
      "host_entropy": -1.000088900581841e-12,
      "location": "Rochester, NY",
      "location_confidence": {
        "Rochester, NY": 1.0
      },
      "location_entropy": -1.000088900581841e-12,
      "tissue": "blood",
      "tissue_confidence": {
        "blood": 1.0
      },
      "tissue_entropy": -1.000088900581841e-12
    },
    "GCA_004567375.1": {
      "host": "human",
      "host_confidence": {
        "human": 0.9999999999999999
      },
      "host_entropy": -9.99866855976916e-13,
      "location": "Rochester, NY",
      "location_confidence": {
        "Rochester, NY": 1.0
      },
      "location_entropy": -1.000088900581841e-12,
      "tissue": "blood",
      "tissue_confidence": {
        "blood": 1.0
      },
      "tissue_entropy": -1.000088900581841e-12
    },
    "GCA_004567405.1": {
      "host": "human",
      "host_confidence": {
        "human": 0.9999999999999999
      },
      "host_entropy": -9.99866855976916e-13,
      "location": "Rochester, NY",
      "location_confidence": {
        "Rochester, NY": 1.0
      },
      "location_entropy": -1.000088900581841e-12,
      "tissue": "blood",
      "tissue_confidence": {
        "blood": 0.9999999999999999
      },
      "tissue_entropy": -9.99866855976916e-13
    },
    "GCA_004567415.1": {
      "host": "human",
      "host_confidence": {
        "human": 0.9999999999999999
      },
      "host_entropy": -9.99866855976916e-13,
      "location": "Rochester, NY",
      "location_confidence": {
        "Rochester, NY": 1.0
      },
      "location_entropy": -1.000088900581841e-12,
      "tissue": "blood",
      "tissue_confidence": {
        "blood": 0.9999999999999999
      },
      "tissue_entropy": -9.99866855976916e-13
    },
    "GCA_004567495.1": {
      "host": "human",
      "host_confidence": {
        "human": 0.9999999999999999
      },
      "host_entropy": -9.99866855976916e-13,
      "location": "Rochester, NY",
      "location_confidence": {
        "Rochester, NY": 1.0
      },
      "location_entropy": -1.000088900581841e-12,
      "tissue": "blood",
      "tissue_confidence": {
        "blood": 1.0
      },
      "tissue_entropy": -1.000088900581841e-12
    },
    "GCA_004567535.1": {
      "host": "human",
      "host_confidence": {
        "human": 1.0
      },
      "host_entropy": -1.000088900581841e-12,
      "location": "Rochester, NY",
      "location_confidence": {
        "Rochester, NY": 1.0
      },
      "location_entropy": -1.000088900581841e-12,
      "tissue": "blood",
      "tissue_confidence": {
        "blood": 1.0
      },
      "tissue_entropy": -1.000088900581841e-12
    },
    "GCA_004567585.1": {
      "host": "human",
      "host_confidence": {
        "human": 0.9999999999999999
      },
      "host_entropy": -9.99866855976916e-13,
      "location": "Rochester, NY",
      "location_confidence": {
        "Rochester, NY": 1.0
      },
      "location_entropy": -1.000088900581841e-12,
      "tissue": "urinary tract",
      "tissue_confidence": {
        "urinary tract": 1.0
      },
      "tissue_entropy": -1.000088900581841e-12
    },
    "GCA_004567885.1": {
      "host": "human",
      "host_confidence": {
        "human": 0.9999999999999999
      },
      "host_entropy": -9.99866855976916e-13,
      "location": "Rochester, NY",
      "location_confidence": {
        "Rochester, NY": 0.9999999999999999
      },
      "location_entropy": -9.99866855976916e-13,
      "tissue": "urinary tract",
      "tissue_confidence": {
        "urinary tract": 1.0
      },
      "tissue_entropy": -1.000088900581841e-12
    },
    "GCA_004567975.1": {
      "host": "human",
      "host_confidence": {
        "human": 1.0
      },
      "host_entropy": -1.000088900581841e-12,
      "location": "Rochester, NY",
      "location_confidence": {
        "Rochester, NY": 1.0
      },
      "location_entropy": -1.000088900581841e-12,
      "tissue": "urinary tract",
      "tissue_confidence": {
        "urinary tract": 1.0
      },
      "tissue_entropy": -1.000088900581841e-12
    },
    "GCA_004568055.1": {
      "host": "human",
      "host_confidence": {
        "human": 1.0
      },
      "host_entropy": -1.000088900581841e-12,
      "location": "Rochester, NY",
      "location_confidence": {
        "Rochester, NY": 1.0
      },
      "location_entropy": -1.000088900581841e-12,
      "tissue": "urinary tract",
      "tissue_confidence": {
        "urinary tract": 1.0
      },
      "tissue_entropy": -1.000088900581841e-12
    },
    "GCA_004568135.1": {
      "host": "human",
      "host_confidence": {
        "human": 1.0
      },
      "host_entropy": -1.000088900581841e-12,
      "location": "Rochester, NY",
      "location_confidence": {
        "Rochester, NY": 1.0
      },
      "location_entropy": -1.000088900581841e-12,
      "tissue": "urinary tract",
      "tissue_confidence": {
        "urinary tract": 1.0
      },
      "tissue_entropy": -1.000088900581841e-12
    },
    "GCA_004568155.1": {
      "host": "human",
      "host_confidence": {
        "human": 1.0
      },
      "host_entropy": -1.000088900581841e-12,
      "location": "Rochester, NY",
      "location_confidence": {
        "Rochester, NY": 1.0
      },
      "location_entropy": -1.000088900581841e-12,
      "tissue": "urinary tract",
      "tissue_confidence": {
        "urinary tract": 0.9999999999999999
      },
      "tissue_entropy": -9.99866855976916e-13
    },
    "GCA_004568235.1": {
      "host": "human",
      "host_confidence": {
        "human": 1.0
      },
      "host_entropy": -1.000088900581841e-12,
      "location": "Rochester, NY",
      "location_confidence": {
        "Rochester, NY": 1.0
      },
      "location_entropy": -1.000088900581841e-12,
      "tissue": "urinary tract",
      "tissue_confidence": {
        "urinary tract": 1.0
      },
      "tissue_entropy": -1.000088900581841e-12
    },
    "GCA_004568365.1": {
      "host": "human",
      "host_confidence": {
        "human": 1.0
      },
      "host_entropy": -1.000088900581841e-12,
      "location": "Rochester, NY",
      "location_confidence": {
        "Rochester, NY": 0.9999999999999999
      },
      "location_entropy": -9.99866855976916e-13,
      "tissue": "urinary tract",
      "tissue_confidence": {
        "urinary tract": 1.0
      },
      "tissue_entropy": -1.000088900581841e-12
    },
    "GCA_004568405.1": {
      "host": "human",
      "host_confidence": {
        "human": 1.0
      },
      "host_entropy": -1.000088900581841e-12,
      "location": "Rochester, NY",
      "location_confidence": {
        "Rochester, NY": 0.9999999999999999
      },
      "location_entropy": -9.99866855976916e-13,
      "tissue": "urinary tract",
      "tissue_confidence": {
        "urinary tract": 1.0
      },
      "tissue_entropy": -1.000088900581841e-12
    },
    "GCA_004568425.1": {
      "host": "human",
      "host_confidence": {
        "human": 1.0
      },
      "host_entropy": -1.000088900581841e-12,
      "location": "Rochester, NY",
      "location_confidence": {
        "Rochester, NY": 1.0
      },
      "location_entropy": -1.000088900581841e-12,
      "tissue": "urinary tract",
      "tissue_confidence": {
        "urinary tract": 1.0
      },
      "tissue_entropy": -1.000088900581841e-12
    },
    "GCA_004568435.1": {
      "host": "human",
      "host_confidence": {
        "human": 1.0
      },
      "host_entropy": -1.000088900581841e-12,
      "location": "Rochester, NY",
      "location_confidence": {
        "Rochester, NY": 1.0
      },
      "location_entropy": -1.000088900581841e-12,
      "tissue": "urinary tract",
      "tissue_confidence": {
        "urinary tract": 1.0
      },
      "tissue_entropy": -1.000088900581841e-12
    },
    "GCA_004568495.1": {
      "host": "human",
      "host_confidence": {
        "human": 1.0
      },
      "host_entropy": -1.000088900581841e-12,
      "location": "Rochester, NY",
      "location_confidence": {
        "Rochester, NY": 1.0
      },
      "location_entropy": -1.000088900581841e-12,
      "tissue": "urinary tract",
      "tissue_confidence": {
        "urinary tract": 1.0
      },
      "tissue_entropy": -1.000088900581841e-12
    },
    "GCA_004568605.1": {
      "host": "human",
      "host_confidence": {
        "human": 1.0
      },
      "host_entropy": -1.000088900581841e-12,
      "location": "Rochester, NY",
      "location_confidence": {
        "Rochester, NY": 1.0
      },
      "location_entropy": -1.000088900581841e-12,
      "tissue": "urinary tract",
      "tissue_confidence": {
        "urinary tract": 1.0
      },
      "tissue_entropy": -1.000088900581841e-12
    },
    "GCA_004568675.1": {
      "host": "human",
      "host_confidence": {
        "human": 1.0
      },
      "host_entropy": -1.000088900581841e-12,
      "location": "Rochester, NY",
      "location_confidence": {
        "Rochester, NY": 1.0
      },
      "location_entropy": -1.000088900581841e-12,
      "tissue": "urinary tract",
      "tissue_confidence": {
        "urinary tract": 0.9999999999999999
      },
      "tissue_entropy": -9.99866855976916e-13
    },
    "GCA_004568775.1": {
      "host": "human",
      "host_confidence": {
        "human": 1.0
      },
      "host_entropy": -1.000088900581841e-12,
      "location": "Rochester, NY",
      "location_confidence": {
        "Rochester, NY": 1.0
      },
      "location_entropy": -1.000088900581841e-12,
      "tissue": "urinary tract",
      "tissue_confidence": {
        "urinary tract": 1.0
      },
      "tissue_entropy": -1.000088900581841e-12
    },
    "GCA_004568795.1": {
      "host": "human",
      "host_confidence": {
        "human": 0.9999999999999999
      },
      "host_entropy": -9.99866855976916e-13,
      "location": "Rochester, NY",
      "location_confidence": {
        "Rochester, NY": 1.0
      },
      "location_entropy": -1.000088900581841e-12,
      "tissue": "urinary tract",
      "tissue_confidence": {
        "urinary tract": 1.0
      },
      "tissue_entropy": -1.000088900581841e-12
    },
    "GCA_004568805.1": {
      "host": "human",
      "host_confidence": {
        "human": 1.0
      },
      "host_entropy": -1.000088900581841e-12,
